%YAML:1.0
calibration_time: "Mon Mar  9 12:24:54 2015"
nframes: 10
image_width: 640
image_height: 480
board_width: 4
board_height: 5
square_size: 2.5000000372529030e-02
flags: 0
camera_matrix: !!opencv-matrix
   rows: 3
   cols: 3
   dt: d
   data: [ 6.4807807864582264e+02, 0., 3.2846551380096707e+02, 0.,
       6.5142482648041744e+02, 1.9693285155726255e+02, 0., 0., 1. ]
distortion_coefficients: !!opencv-matrix
   rows: 5
   cols: 1
   dt: d
   data: [ -1.3730276783062051e-01, 3.1804387800201817e-01,
       -1.3997263156301605e-02, -2.6423897366165479e-03,
       -2.2056501399817527e-01 ]
avg_reprojection_error: 2.8575983214896639e-01
per_view_reprojection_errors: !!opencv-matrix
   rows: 10
   cols: 1
   dt: f
   data: [ 1.21760190e-01, 2.13289425e-01, 2.30324283e-01,
       4.19831157e-01, 3.87319297e-01, 1.98248088e-01, 3.90576363e-01,
       2.92354643e-01, 2.71191776e-01, 1.61482990e-01 ]
extrinsic_parameters: !!opencv-matrix
   rows: 10
   cols: 6
   dt: d
   data: [ -1.5630734226696355e-01, 5.8831266992527423e-04,
       1.7317669893853371e-02, 1.2811799954862537e-02,
       6.4385837262560308e-02, 5.2364455674809907e-01,
       -1.1148801816840843e-01, 6.3810520919088939e-02,
       -2.1577154811435748e+00, -8.1993347200413597e-02,
       1.5216530475731380e-01, 5.9605465874414199e-01,
       -9.7776730266386086e-02, 8.7170346007278987e-01,
       -1.0266063616944316e+00, -6.0555337535834280e-02,
       5.5432405177850586e-02, 6.6219618891738985e-01,
       1.2059151096497671e-01, 8.1775256245872197e-01,
       -5.0934690221394474e-01, -4.8791373656449435e-02,
       5.6299976375278775e-02, 6.6494560439071215e-01,
       -8.0709567687565653e-02, 5.0899850924717427e-01,
       -7.6319554478507778e-01, -2.7152894670594224e-01,
       -4.7077164707790657e-02, 5.4917025773362682e-01,
       4.4477986001098996e-01, 2.8626107095529230e-01,
       8.6937488592789958e-01, -6.0854235126691483e-02,
       -1.8749339832371495e-02, 4.9163852407150027e-01,
       -1.2871086371286597e-01, -2.4877907612395861e-01,
       9.1702531438233217e-02, -1.9204814523782746e-01,
       1.7827182605685887e-01, 7.1303402566106677e-01,
       2.0423568164069000e-01, -2.0398009353622082e-01,
       3.3641007972325068e-02, -2.7893724280570931e-01,
       -9.2696698075495493e-02, 5.6237907572974899e-01,
       4.5896593371364353e-01, -3.3043318933867449e-01,
       1.1508387574077783e-01, -1.1230905570293405e-01,
       -1.1048710285122486e-02, 4.8925705320115387e-01,
       3.6768879795661807e-01, -2.4595397834288724e-01,
       -3.4014391320049486e-01, 1.6160122217837458e-01,
       1.1762104513816778e-02, 6.7721665980799528e-01 ]
image_points: !!opencv-matrix
   rows: 10
   cols: 20
   dt: "2f"
   data: [ 3.44285797e+02, 2.76587860e+02, 3.74964417e+02,
       2.76794617e+02, 4.05514557e+02, 2.77167053e+02, 4.36071838e+02,
       2.77556488e+02, 3.43609131e+02, 3.07294312e+02, 3.74579132e+02,
       3.07554108e+02, 4.05394623e+02, 3.07925568e+02, 4.35965607e+02,
       3.08195251e+02, 3.43073486e+02, 3.38483093e+02, 3.74197205e+02,
       3.38741669e+02, 4.04898865e+02, 3.39208649e+02, 4.35827423e+02,
       3.39287384e+02, 3.42732666e+02, 3.69501923e+02, 3.73780975e+02,
       3.69866730e+02, 4.04708649e+02, 3.70282043e+02, 4.35564301e+02,
       3.70496918e+02, 3.42191406e+02, 4.00995544e+02, 3.73376251e+02,
       4.01399170e+02, 4.04594513e+02, 4.01573120e+02, 4.35570343e+02,
       4.01618073e+02, 2.40888535e+02, 3.59920441e+02, 2.25966934e+02,
       3.37681702e+02, 2.11275253e+02, 3.15288727e+02, 1.96405746e+02,
       2.92826141e+02, 2.62558258e+02, 3.46018524e+02, 2.47578232e+02,
       3.23422028e+02, 2.32583359e+02, 3.00971375e+02, 2.17772629e+02,
       2.78412567e+02, 2.84278381e+02, 3.31824280e+02, 2.69124023e+02,
       3.09362244e+02, 2.54265472e+02, 2.86664215e+02, 2.39553726e+02,
       2.63877319e+02, 3.06415466e+02, 3.17530304e+02, 2.91384125e+02,
       2.94889282e+02, 2.76482666e+02, 2.72125183e+02, 2.61683350e+02,
       2.49433289e+02, 3.29110870e+02, 3.02950348e+02, 3.13973511e+02,
       2.80242676e+02, 2.99152039e+02, 2.57497009e+02, 2.84330627e+02,
       2.34508362e+02, 2.69342560e+02, 2.50996948e+02, 2.73624084e+02,
       2.33008682e+02, 2.77970062e+02, 2.13801117e+02, 2.82545868e+02,
       1.93705902e+02, 2.85739075e+02, 2.65424988e+02, 2.90686066e+02,
       2.47394562e+02, 2.95338196e+02, 2.28409607e+02, 3.00325195e+02,
       2.08402298e+02, 3.02815521e+02, 2.80566833e+02, 3.08274475e+02,
       2.62380188e+02, 3.13366669e+02, 2.43596390e+02, 3.19312317e+02,
       2.23653442e+02, 3.20586853e+02, 2.96006256e+02, 3.26033020e+02,
       2.77846863e+02, 3.32314240e+02, 2.59400360e+02, 3.38419495e+02,
       2.38662094e+02, 3.39090332e+02, 3.11519440e+02, 3.45038757e+02,
       2.93593597e+02, 3.51363037e+02, 2.75256500e+02, 3.58587097e+02,
       2.54916306e+02, 2.81375854e+02, 2.51669266e+02, 2.94099152e+02,
       2.43932632e+02, 3.07809143e+02, 2.34895844e+02, 3.22279144e+02,
       2.25922729e+02, 2.92270020e+02, 2.73169220e+02, 3.05867584e+02,
       2.65434296e+02, 3.19678680e+02, 2.57821472e+02, 3.34745178e+02,
       2.49179352e+02, 3.04644379e+02, 2.94441681e+02, 3.17715790e+02,
       2.87819489e+02, 3.32151337e+02, 2.80327301e+02, 3.47593628e+02,
       2.72682617e+02, 3.14767639e+02, 3.16497009e+02, 3.29610748e+02,
       3.10170135e+02, 3.44500580e+02, 3.03294373e+02, 3.60399902e+02,
       2.95820770e+02, 3.28262421e+02, 3.36904114e+02, 3.42016113e+02,
       3.31665131e+02, 3.56728973e+02, 3.25815796e+02, 3.73238037e+02,
       3.19138794e+02, 1.18985109e+01, 1.39354218e+02, 2.38157749e+01,
       1.18433762e+02, 3.55716667e+01, 9.54803314e+01, 4.80609970e+01,
       7.33142242e+01, 2.68210964e+01, 1.60741089e+02, 3.91487732e+01,
       1.38699493e+02, 5.16800537e+01, 1.17805206e+02, 6.51292114e+01,
       9.45815506e+01, 4.28053780e+01, 1.82382126e+02, 5.54189873e+01,
       1.62010590e+02, 6.85123062e+01, 1.39701935e+02, 8.19529037e+01,
       1.16408707e+02, 5.89893150e+01, 2.04345734e+02, 7.20268173e+01,
       1.83295731e+02, 8.54602127e+01, 1.62275253e+02, 9.98343048e+01,
       1.39412460e+02, 7.49926529e+01, 2.26603592e+02, 8.86245270e+01,
       2.06376190e+02, 1.02478622e+02, 1.84699219e+02, 1.17433411e+02,
       1.62610565e+02, 2.48007339e+02, 1.71920334e+02, 2.68393402e+02,
       1.97998001e+02, 2.88595184e+02, 2.24102478e+02, 3.09207947e+02,
       2.50435928e+02, 2.28641479e+02, 1.90907257e+02, 2.48387680e+02,
       2.16269226e+02, 2.68335693e+02, 2.41531845e+02, 2.87877960e+02,
       2.67304596e+02, 2.10480911e+02, 2.08476761e+02, 2.29698120e+02,
       2.33304459e+02, 2.48697083e+02, 2.57939606e+02, 2.67670013e+02,
       2.83304901e+02, 1.93103088e+02, 2.25249908e+02, 2.11456146e+02,
       2.49605469e+02, 2.30236237e+02, 2.73598297e+02, 2.48956131e+02,
       2.98136383e+02, 1.76467407e+02, 2.41168472e+02, 1.94274780e+02,
       2.65180908e+02, 2.12459518e+02, 2.88702118e+02, 2.30601166e+02,
       3.12552734e+02, 1.57517578e+02, 3.55828033e+02, 1.79763351e+02,
       3.56982880e+02, 2.01958160e+02, 3.57944061e+02, 2.23676544e+02,
       3.59585907e+02, 1.54227600e+02, 3.77944611e+02, 1.77796951e+02,
       3.79326569e+02, 1.99666809e+02, 3.80318542e+02, 2.21948776e+02,
       3.80725159e+02, 1.52679062e+02, 4.00388916e+02, 1.76084595e+02,
       4.01234192e+02, 1.97984467e+02, 4.01833618e+02, 2.20463028e+02,
       4.03104523e+02, 1.50241257e+02, 4.23399567e+02, 1.73359863e+02,
       4.23698853e+02, 1.95792130e+02, 4.24578552e+02, 2.18443039e+02,
       4.25105438e+02, 1.47760330e+02, 4.45472656e+02, 1.71282791e+02,
       4.46152283e+02, 1.93778564e+02, 4.46893158e+02, 2.16728104e+02,
       4.47617249e+02, 1.03424788e+01, 8.82314377e+01, 4.07968826e+01,
       8.97043686e+01, 7.03633804e+01, 9.11817398e+01, 9.95884476e+01,
       9.27353058e+01, 1.13794737e+01, 1.17209457e+02, 4.17608452e+01,
       1.18723251e+02, 7.10612640e+01, 1.19868050e+02, 9.99198608e+01,
