%YAML:1.0
calibration_time: "Mon Mar  9 16:26:23 2015"
nframes: 10
image_width: 1920
image_height: 1080
board_width: 7
board_height: 4
square_size: 1.8999999761581421e+00
flags: 0
camera_matrix: !!opencv-matrix
   rows: 3
   cols: 3
   dt: d
   data: [ 1.3222239591063762e+04, 0., 1.0243620410783685e+03, 0.,
       1.3266453850232678e+04, 5.9190389519817984e+02, 0., 0., 1. ]
distortion_coefficients: !!opencv-matrix
   rows: 5
   cols: 1
   dt: d
   data: [ -3.8247717596948263e+00, 3.3992770188856770e+02,
       -3.6196733764072460e-02, 8.3121584988360975e-02,
       6.3702803182848267e-01 ]
avg_reprojection_error: 4.5648867248205699e-01
per_view_reprojection_errors: !!opencv-matrix
   rows: 10
   cols: 1
   dt: f
   data: [ 9.70294893e-01, 3.67561132e-01, 3.58490586e-01,
       3.72684717e-01, 4.97481734e-01, 3.58421564e-01, 3.65621954e-01,
       2.75184512e-01, 2.73153722e-01, 2.82600999e-01 ]
extrinsic_parameters: !!opencv-matrix
   rows: 10
   cols: 6
   dt: d
   data: [ 2.1823946252021320e-01, 2.9587863363533078e-02,
       3.1070324215292420e+00, 4.4536770725330781e+00,
       3.6305217039909882e-02, 2.7546054936317785e+02,
       -3.0342408144544680e-02, 1.4939570314801728e-01,
       2.6373277355656164e+00, 9.7673839148257127e+00,
       -2.2314919548048801e-01, 2.6866559554834220e+02,
       1.1660587150252762e-01, -7.6966983775090203e-02,
       2.1920109211263248e+00, 8.4573218663736842e+00,
       -4.8762594455997341e+00, 2.6793309869833575e+02,
       -5.5324388056406187e-02, 1.4222914066146194e-01,
       -1.3978886680257430e+00, -3.2601402626161446e+00,
       3.3396822841330076e+00, 2.6734417210573929e+02,
       8.6066870838788653e-02, 7.1354253643974269e-02,
       1.1955500138930635e+00, -3.4486283236863522e+00,
       -1.0852606758609475e+01, 2.6632112949538765e+02,
       7.0743547816734920e-02, 3.3893722748844841e-02,
       1.0407951599832903e+00, 2.9505138943413667e-02,
       -8.7431068954180979e+00, 2.6450271506456573e+02,
       1.5585316891417636e-01, 4.2660798585896165e-02,
       9.5921349797581457e-01, 1.0280826648725641e-01,
       -8.9499987797080873e+00, 2.6340985431198914e+02,
       -9.3511171420217018e-02, 1.5102090889643932e-01,
       -2.2414463844958497e+00, 1.3883335019452339e+00,
       2.1282478792486752e+00, 2.6506978126403078e+02,
       1.2642020614728400e-01, 5.9988818377887353e-02,
       8.4846873339799456e-01, -5.0848989126376198e-02,
       -9.1088641975851825e+00, 2.6585667309606441e+02,
       1.3474583398421910e-01, 5.0424914273407194e-02,
       8.1370710295689830e-01, -6.8927915463342937e-01,
       -9.0050696297883270e+00, 2.6562163116729891e+02 ]
image_points: !!opencv-matrix
   rows: 10
   cols: 28
   dt: "2f"
   data: [ 1.23822095e+03, 5.94515991e+02, 1.14833960e+03,
       5.95756897e+02, 1.05686377e+03, 5.99325745e+02, 9.67954956e+02,
       6.00393188e+02, 8.77414307e+02, 6.04446655e+02, 7.90164612e+02,
       6.05190552e+02, 7.01241455e+02, 6.09680786e+02, 1.23737390e+03,
       5.01002563e+02, 1.14495093e+03, 5.05062714e+02, 1.05577051e+03,
       5.06656219e+02, 9.64274963e+02, 5.10506805e+02, 8.76292114e+02,
       5.11804718e+02, 7.86853882e+02, 5.15992432e+02, 6.99056946e+02,
       5.17034729e+02, 1.23388013e+03, 4.10936646e+02, 1.14398523e+03,
       4.12537445e+02, 1.05294800e+03, 4.16991669e+02, 9.63495117e+02,
       4.18332886e+02, 8.73207031e+02, 4.22766663e+02, 7.85736816e+02,
       4.24051758e+02, 6.96352112e+02, 4.28998230e+02, 1.23306213e+03,
       3.18055786e+02, 1.14094153e+03, 3.22171631e+02, 1.05175732e+03,
       3.24320587e+02, 9.60573242e+02, 3.28539642e+02, 8.71987488e+02,
       3.30436249e+02, 7.82444702e+02, 3.35177246e+02, 6.94454651e+02,
       3.36756775e+02, 1.50740039e+03, 5.80049072e+02, 1.42469434e+03,
       6.25100403e+02, 1.34242139e+03, 6.69827820e+02, 1.25970825e+03,
       7.15041260e+02, 1.17738733e+03, 7.59980652e+02, 1.09554578e+03,
       8.04809448e+02, 1.01319244e+03, 8.50010376e+02, 1.46200989e+03,
       4.98669067e+02, 1.37938232e+03, 5.43497620e+02, 1.29685901e+03,
       5.88151367e+02, 1.21429968e+03, 6.33163635e+02, 1.13194543e+03,
       6.78001465e+02, 1.05032007e+03, 7.22741272e+02, 9.68226135e+02,
       7.67940552e+02, 1.41701587e+03, 4.17089478e+02, 1.33431067e+03,
       4.62065826e+02, 1.25205432e+03, 5.06587860e+02, 1.16926221e+03,
       5.51626343e+02, 1.08707776e+03, 5.96543579e+02, 1.00545172e+03,
       6.41108521e+02, 9.23306213e+02, 6.86249329e+02, 1.37198669e+03,
       3.35401978e+02, 1.28933643e+03, 3.80040558e+02, 1.20708545e+03,
       4.24716400e+02, 1.12432996e+03, 4.69545074e+02, 1.04225525e+03,
       5.14429321e+02, 9.60654846e+02, 5.59029724e+02, 8.78635193e+02,
       6.04008667e+02, 1.44365173e+03, 3.49382446e+02, 1.38855835e+03,
       4.25677429e+02, 1.33381812e+03, 5.01650940e+02, 1.27873718e+03,
       5.77811462e+02, 1.22379016e+03, 6.53604431e+02, 1.16920178e+03,
       7.28680969e+02, 1.11406213e+03, 8.04368896e+02, 1.36732166e+03,
       2.94402222e+02, 1.31220142e+03, 3.70879974e+02, 1.25748718e+03,
       4.46780090e+02, 1.20240894e+03, 5.23020874e+02, 1.14766516e+03,
       5.98642639e+02, 1.09326709e+03, 6.73920837e+02, 1.03840076e+03,
       7.49539062e+02, 1.29110718e+03, 2.39715317e+02, 1.23609424e+03,
       3.16046997e+02, 1.18137793e+03, 3.92069885e+02, 1.12650928e+03,
       4.68398834e+02, 1.07175220e+03, 5.44189819e+02, 1.01756750e+03,
       6.19381165e+02, 9.62789612e+02, 6.95182251e+02, 1.21438928e+03,
       1.84624924e+02, 1.15945300e+03, 2.61066589e+02, 1.10492285e+03,
       3.37066620e+02, 1.04984863e+03, 4.13455444e+02, 9.95476074e+02,
       4.89313538e+02, 9.41284485e+02, 5.64556335e+02, 8.86845703e+02,
       6.40328369e+02, 8.63942871e+02, 7.56241333e+02, 8.79162476e+02,
       6.64463806e+02, 8.94473816e+02, 5.71754089e+02, 9.09886475e+02,
       4.79624146e+02, 9.25149597e+02, 3.86836029e+02, 9.41023193e+02,
       2.93393188e+02, 9.56777893e+02, 2.00429169e+02, 9.55477356e+02,
       7.73128479e+02, 9.70750061e+02, 6.81088867e+02, 9.86264771e+02,
       5.87930542e+02, 1.00175525e+03, 4.95607208e+02, 1.01734961e+03,
       4.02571808e+02, 1.03318225e+03, 3.08810120e+02, 1.04926282e+03,
       2.15672913e+02, 1.04692004e+03, 7.89940186e+02, 1.06238831e+03,
       6.97546326e+02, 1.07811292e+03, 6.04371460e+02, 1.09370483e+03,
       5.11676178e+02, 1.10945581e+03, 4.18353485e+02, 1.12536279e+03,
       3.24511627e+02, 1.14145056e+03, 2.30999939e+02, 1.13893542e+03,
       8.06989807e+02, 1.15459045e+03, 7.14440796e+02, 1.17049512e+03,
       6.20736206e+02, 1.18629224e+03, 5.27888428e+02, 1.20230396e+03,
       4.34227997e+02, 1.21834961e+03, 3.40031830e+02, 1.23433655e+03,
       2.46372269e+02, 8.56896545e+02, 5.30729179e+01, 8.90191223e+02,
       1.40660828e+02, 9.22951782e+02, 2.27833298e+02, 9.56602234e+02,
       3.15739716e+02, 9.90926208e+02, 4.03728210e+02, 1.02523828e+03,
       4.91206360e+02, 1.06040100e+03, 5.79713135e+02, 7.70095825e+02,
       8.83533325e+01, 8.02862122e+02, 1.75702164e+02, 8.35678955e+02,
       2.62975037e+02, 8.69314087e+02, 3.50940125e+02, 9.03525146e+02,
       4.38671143e+02, 9.37669189e+02, 5.26192322e+02, 9.72511230e+02,
       6.14483765e+02, 6.83952026e+02, 1.23451813e+02, 7.16739990e+02,
       2.10642319e+02, 7.49676208e+02, 2.97756775e+02, 7.83280151e+02,
       3.85725037e+02, 8.17316467e+02, 4.73176422e+02, 8.51403992e+02,
       5.60521301e+02, 8.86245239e+02, 6.48604736e+02, 5.99194397e+02,
       1.58393600e+02, 6.31514160e+02, 2.45602585e+02, 6.64584900e+02,
       3.32651184e+02, 6.97941956e+02, 4.20211273e+02, 7.31613342e+02,
       5.07582428e+02, 7.65611511e+02, 5.94811707e+02, 8.00500305e+02,
       6.82664307e+02, 1.02746326e+03, 1.53337982e+02, 1.07478503e+03,
       2.35530106e+02, 1.12215637e+03, 3.17598328e+02, 1.16977124e+03,
       3.99631470e+02, 1.21813818e+03, 4.82323242e+02, 1.26636194e+03,
       5.64467590e+02, 1.31473462e+03, 6.46264282e+02, 9.45557739e+02,
